-10 0 -10
-9 0 -10
-8 0 -10
-7 0 -10
-6 0 -10
-5 0 -10
-4 0 -10
-3 0 -10
-2 0 -10
-1 0 -10
0 0 -10
1 0 -10
2 0 -10
3 0 -10
4 0 -10
5 0 -10
6 0 -10
7 0 -10
8 0 -10
9 0 -10
-10 0 -9
-9 0 -9
-8 0 -9
-7 0 -9
-6 0 -9
-5 0 -9
-4 0 -9
-3 0 -9
-2 0 -9
-1 0 -9
0 0 -9
1 0 -9
2 0 -9
3 0 -9
4 0 -9
5 0 -9
6 0 -9
7 0 -9
8 0 -9
9 0 -9
-10 0 -8
-9 0 -8
-8 0 -8
-7 0 -8
-6 0 -8
-5 0 -8
-4 0 -8
-3 0 -8
-2 0 -8
-1 0 -8
0 0.01 -8
1 0 -8
2 0 -8
3 0 -8
4 0 -8
5 0 -8
6 0 -8
7 0 -8
8 0 -8
9 0 -8
-10 0 -7
-9 0 -7
-8 0 -7
-7 0 -7
-6 0 -7
-5 0 -7
-4 0 -7
-3 0.01 -7
-2 0.02 -7
-1 0.03 -7
0 0.03 -7
1 0.03 -7
2 0.02 -7
3 0.01 -7
4 0 -7
5 0 -7
6 0 -7
7 0 -7
8 0 -7
9 0 -7
-10 0 -6
-9 0 -6
-8 0 -6
-7 0 -6
-6 0 -6
-5 0.01 -6
-4 0.02 -6
-3 0.06 -6
-2 0.11 -6
-1 0.16 -6
0 0.18 -6
1 0.16 -6
2 0.11 -6
3 0.06 -6
4 0.02 -6
5 0.01 -6
6 0 -6
7 0 -6
8 0 -6
9 0 -6
-10 0 -5
-9 0 -5
-8 0 -5
-7 0 -5
-6 0.01 -5
-5 0.03 -5
-4 0.09 -5
-3 0.23 -5
-2 0.42 -5
-1 0.62 -5
0 0.7 -5
1 0.62 -5
2 0.42 -5
3 0.23 -5
4 0.09 -5
5 0.03 -5
6 0.01 -5
7 0 -5
8 0 -5
9 0 -5
-10 0 -4
-9 0 -4
-8 0 -4
-7 0 -4
-6 0.02 -4
-5 0.09 -4
-4 0.29 -4
-3 0.7 -4
-2 1.31 -4
-1 1.9 -4
0 2.16 -4
1 1.9 -4
2 1.31 -4
3 0.7 -4
4 0.29 -4
5 0.09 -4
6 0.02 -4
7 0 -4
8 0 -4
9 0 -4
-10 0 -3
-9 0 -3
-8 0 -3
-7 0.01 -3
-6 0.06 -3
-5 0.23 -3
-4 0.7 -3
-3 1.68 -3
-2 3.14 -3
-1 4.56 -3
0 5.17 -3
1 4.56 -3
2 3.14 -3
3 1.68 -3
4 0.7 -3
5 0.23 -3
6 0.06 -3
7 0.01 -3
8 0 -3
9 0 -3
-10 0 -2
-9 0 -2
-8 0 -2
-7 0.02 -2
-6 0.11 -2
-5 0.42 -2
-4 1.31 -2
-3 3.14 -2
-2 5.86 -2
-1 8.52 -2
0 9.66 -2
1 8.52 -2
2 5.86 -2
3 3.14 -2
4 1.31 -2
5 0.42 -2
6 0.11 -2
7 0.02 -2
8 0 -2
9 0 -2
-10 0 -1
-9 0 -1
-8 0 -1
-7 0.03 -1
-6 0.16 -1
-5 0.62 -1
-4 1.9 -1
-3 4.56 -1
-2 8.52 -1
-1 12.4 -1
0 14.05 -1
1 12.4 -1
2 8.52 -1
3 4.56 -1
4 1.9 -1
5 0.62 -1
6 0.16 -1
7 0.03 -1
8 0 -1
9 0 -1
-10 0 0
-9 0 0
-8 0.01 0
-7 0.03 0
-6 0.18 0
-5 0.7 0
-4 2.16 0
-3 5.17 0
-2 9.66 0
-1 14.05 0
0 15.92 0
1 14.05 0
2 9.66 0
3 5.17 0
4 2.16 0
5 0.7 0
6 0.18 0
7 0.03 0
8 0.01 0
9 0 0
-10 0 1
-9 0 1
-8 0 1
-7 0.03 1
-6 0.16 1
-5 0.62 1
-4 1.9 1
-3 4.56 1
-2 8.52 1
-1 12.4 1
0 14.05 1
1 12.4 1
2 8.52 1
3 4.56 1
4 1.9 1
5 0.62 1
6 0.16 1
7 0.03 1
8 0 1
9 0 1
-10 0 2
-9 0 2
-8 0 2
-7 0.02 2
-6 0.11 2
-5 0.42 2
-4 1.31 2
-3 3.14 2
-2 5.86 2
-1 8.52 2
0 9.66 2
1 8.52 2
2 5.86 2
3 3.14 2
4 1.31 2
5 0.42 2
6 0.11 2
7 0.02 2
8 0 2
9 0 2
-10 0 3
-9 0 3
-8 0 3
-7 0.01 3
-6 0.06 3
-5 0.23 3
-4 0.7 3
-3 1.68 3
-2 3.14 3
-1 4.56 3
0 5.17 3
1 4.56 3
2 3.14 3
3 1.68 3
4 0.7 3
5 0.23 3
6 0.06 3
7 0.01 3
8 0 3
9 0 3
-10 0 4
-9 0 4
-8 0 4
-7 0 4
-6 0.02 4
-5 0.09 4
-4 0.29 4
-3 0.7 4
-2 1.31 4
-1 1.9 4
0 2.16 4
1 1.9 4
2 1.31 4
3 0.7 4
4 0.29 4
5 0.09 4
6 0.02 4
7 0 4
8 0 4
9 0 4
-10 0 5
-9 0 5
-8 0 5
-7 0 5
-6 0.01 5
-5 0.03 5
-4 0.09 5
-3 0.23 5
-2 0.42 5
-1 0.62 5
0 0.7 5
1 0.62 5
2 0.42 5
3 0.23 5
4 0.09 5
5 0.03 5
6 0.01 5
7 0 5
8 0 5
9 0 5
-10 0 6
-9 0 6
-8 0 6
-7 0 6
-6 0 6
-5 0.01 6
-4 0.02 6
-3 0.06 6
-2 0.11 6
-1 0.16 6
0 0.18 6
1 0.16 6
2 0.11 6
3 0.06 6
4 0.02 6
5 0.01 6
6 0 6
7 0 6
8 0 6
9 0 6
-10 0 7
-9 0 7
-8 0 7
-7 0 7
-6 0 7
-5 0 7
-4 0 7
-3 0.01 7
-2 0.02 7
-1 0.03 7
0 0.03 7
1 0.03 7
2 0.02 7
3 0.01 7
4 0 7
5 0 7
6 0 7
7 0 7
8 0 7
9 0 7
-10 0 8
-9 0 8
-8 0 8
-7 0 8
-6 0 8
-5 0 8
-4 0 8
-3 0 8
-2 0 8
-1 0 8
0 0.01 8
1 0 8
2 0 8
3 0 8
4 0 8
5 0 8
6 0 8
7 0 8
8 0 8
9 0 8
-10 0 9
-9 0 9
-8 0 9
-7 0 9
-6 0 9
-5 0 9
-4 0 9
-3 0 9
-2 0 9
-1 0 9
0 0 9
1 0 9
2 0 9
3 0 9
4 0 9
5 0 9
6 0 9
7 0 9
8 0 9
9 0 9
